1000
15200245782 32831349 134 1
439792786 434527055 269 0
11476002765 142068523 246 2
23071848 580295803 859 1
4296984804 828441564 312 1
8464350654 590947513 138 2
16255681926 282729607 -919 0
10015543484 113577454 -502 0
8211324368 178442777 -965 2
5249969092 153684802 403 2
3013203574 233637155 -32 0
5425178801 102671263 320 2
10287944214 876283587 239 2
4072805022 15694773 425 1
7383575091 346836375 622 2
16179772997 341559083 827 0
587826359 128115466 761 2
11529773035 117381287 557 0
6873787599 644954298 959 1
462895567 734931768 448 1
10426702774 156093709 -825 1
15434222636 258861326 -11 0
5950302901 510606890 -935 1
1880479961 657600486 716 2
7712188518 899131835 -820 1
7967011669 576562555 -502 2
12443982074 940671508 -901 2
4414064803 868466438 -983 1
12985422388 973059235 508 0
10180711197 350794826 -946 2
11472112692 572645994 -638 0
15394409239 716534353 -87 0
16293548958 389434718 -354 2
15314598356 824523136 -680 1
9640701140 388425984 309 0
8933285813 199819222 -351 1
1420814203 329036379 -465 2
10242651051 691336421 -79 1
12831764390 96160292 -151 1
2099364584 514267940 -912 1
11517587863 637320269 -628 1
5415652344 91789833 49 2
15922889494 793906932 819 2
17031814045 519247810 -728 0
2715116207 440193464 552 0
5990851071 57571294 104 0
15357105199 597481855 -205 0
10946087260 443321673 -919 2
7473870124 226928519 -645 1
4838786878 250902596 218 0
14062358780 647691419 -755 1
6343284023 27683230 650 2
9924201361 235673538 371 2
10120421474 104579235 964 0
15783882308 881842237 859 0
6949871716 905410873 116 2
12433224069 450366817 -456 1
7078593682 994999990 363 2
5918966880 166325376 -838 1
4102854570 508906570 -687 2
18163273001 581919592 458 2
13913591064 253483196 589 0
48148181 439536 -493 2
3982036550 639636088 761 1
14855164279 591743139 -317 0
6640715963 689394078 -490 2
17721891700 855725168 778 2
9551955543 292525270 -431 0
3403972947 238783517 -905 0
5338908472 380051527 15 1
246760999 36325544 -137 1
2468450337 23959549 -108 1
8419454682 256664649 98 0
16959555959 391445468 797 1
6005494558 601378996 257 0
17609121092 887286205 552 2
8452728457 574887584 -638 0
50623149 631434373 -115 1
9764778223 209877980 -823 0
10118541318 439717602 -931 1
1496188496 792085296 -455 2
7050676294 375330185 -392 1
5345335453 134351441 -313 1
32938183 62589305 646 0
1511351551 253033370 788 0
10687975978 870228848 223 2
2370287915 52077754 -830 2
8207247064 461633672 -983 0
1955667635 773029650 632 2
7163751470 405455255 -116 2
3148390727 181012045 -303 0
17848312121 420268538 -771 2
15471013970 822910048 604 1
15977821438 224934170 286 1
13963392754 198042195 487 2
960006707 352811474 -694 1
7053685639 724677183 720 0
14306813443 980422067 462 2
11003124312 182992509 -814 1
11690027597 610203203 226 2
6374408839 787867077 927 0
13144737448 584476675 -216 1
18255371516 62226661 112 0
8047181878 219993147 -977 1
4672264852 303316112 -57 2
5382355041 151858452 650 0
738890472 589946049 947 2
9514579784 767961652 135 0
5468680926 806686176 46 2
2334767515 858927691 -312 2
14737341944 411486631 -630 1
1536480827 528507878 253 2
7508111979 872440754 140 1
15722781635 290088896 119 0
1030628260 480470050 682 2
6953233763 791639181 622 0
8711866755 542293610 -21 0
167615794 741371981 209 2
17842100509 822529276 577 1
3309843638 690184857 -561 1
13570003035 603577943 151 1
1102204444 433378360 467 2
17325370828 405061588 -321 1
14370280104 609398857 -919 1
5701466289 644279346 492 1
6739678009 991260353 581 1
1355972935 591269595 961 0
7021964610 109826177 -378 0
721209573 917206052 682 2
7315530814 729900397 -673 1
1111979409 261301290 -587 1
6003715463 931259670 -44 0
9872260688 893199647 216 1
9283509997 910635063 -983 0
16402998113 75979992 77 1
16594180220 32546808 -852 2
16301026078 654171219 -545 2
5392243924 763161932 -505 1
3480517464 163169835 -600 2
8702600350 854483843 976 1
10932923571 271055626 643 2
13793057230 420823431 488 0
9838793873 527543568 -276 0
4733343459 816365069 -259 2
1770117870 403749479 -794 2
1001804789 915493988 203 0
10994578498 540289328 815 1
14948638479 489770566 69 2
16520423729 888517203 706 2
16375436685 479173599 729 2
6052580582 163508441 -852 0
10820485245 706585818 768 2
2920787542 730614081 136 2
5105720659 728077624 999 2
10273665472 247414015 852 1
7072490293 323733462 -596 1
13796128419 146549606 -950 0
17443607537 178135126 -851 2
761684383 371329370 -161 1
13951485949 272903637 -602 1
4366593491 626145179 910 2
2812643972 608575518 433 1
16859774430 447767885 -711 1
2174267715 944281595 220 1
5363240956 840291066 281 0
15157933431 309339652 339 1
15231280874 455815503 -83 0
4035597277 85795577 -576 1
4857954036 197285058 -133 2
6471780881 332927856 213 1
2502688181 573087407 511 1
9519186419 789223560 371 1
14961522499 417606494 -23 1
12449136164 844026805 609 2
12373865004 734298366 -96 0
17378962225 919075888 -358 2
18216613646 43609367 93 2
16352150538 837878057 778 0
1313028141 199651787 469 1
11641691681 322712701 757 0
5161172842 127813988 -521 2
3539252192 934897410 -881 1
16523180231 801568384 -705 1
2776795449 638568299 860 0
7913682700 260684454 -344 1
17194398402 903488997 110 1
12325032429 860101824 947 1
3659815079 888198898 -702 0
7378785729 406146408 -359 2
18064326907 926822151 -283 0
3128668077 353137802 -838 0
7375123367 996235758 343 1
2775854798 7104210 167 0
10348176600 412812324 166 1
13487836655 460722296 -180 2
12202179695 856861802 306 0
10837199817 915360963 199 2
4627220374 791915584 496 1
3241813782 852817023 210 1
6029711982 171019453 -726 2
10913514806 318680555 298 1
15596488095 14548195 -49 0
3780179553 113280156 -885 1
16637055725 774758624 -272 2
9145911422 859926081 146 1
12210986366 622074174 -69 1
13971588783 873254856 -986 2
15012127822 874530259 278 1
8205148711 220308167 -955 2
8533746758 910425367 323 2
2172969481 396067400 -293 2
11020481615 975992151 150 2
15454992254 893385019 -238 1
3277028943 713940259 -368 0
7379574867 134384498 326 1
516818925 432377718 196 1
11202767506 547236900 481 1
15986701906 402516178 -405 1
8569463681 719852036 746 1
9475539123 289059500 -976 1
11441914085 973842357 975 0
11194302159 614992072 -308 0
5418294526 792659830 -252 0
2266325877 742406558 -932 0
13285738945 44872147 -173 1
14394285688 626936918 648 1
4408384048 223619889 683 1
13374767625 533233231 -527 2
9067600085 851710161 -526 2
8477154538 96076360 268 0
10113459072 697924523 -505 1
11679979670 983821833 -766 1
10999799487 571172420 770 0
13292611677 223388332 -623 1
17974695552 223215021 -969 2
7179214663 104595944 -641 1
13276815122 899724751 -557 0
5400089644 195921612 -977 1
1746844660 740095717 -234 1
5070461797 787238083 -517 0
11598741020 680599483 -584 2
8705889589 974836056 -919 0
11264982938 226027308 977 1
160215308 101676530 498 2
5988656570 452883395 -362 2
17114639720 5753205 550 2
7995785466 573984851 -697 2
14319962452 5363523 271 2
3424609170 953382858 47 2
5780311445 977269871 -540 0
7768028226 656890353 792 1
4133507422 547870798 991 1
3893209543 376006925 -504 0
2199412511 621980488 434 0
3457645772 631969863 -882 0
15785390212 432448978 -958 2
2342601170 144536547 612 0
12595550357 393374276 -6 2
10990196649 982724837 128 2
14606715391 58895143 417 2
4728466754 20777664 436 2
133708548 720956828 -196 1
6366063116 398178097 671 1
5977803547 963464641 523 1
6632096192 12425110 669 2
11932489732 156464215 -26 1
9554656836 876312099 -813 0
13796148924 781773543 -439 0
1208214180 808487374 529 0
8369701774 309871673 -39 2
4217184338 693099454 -797 0
17281594734 473673180 172 2
10807600895 573039413 -975 1
4116519781 460197990 631 1
12902959593 937143597 446 1
6983785496 64494635 -24 2
9199404072 294980844 -109 2
960735917 818307389 925 1
4940768310 289856947 -354 1
9992173566 110571413 -732 1
17686520574 967580773 713 0
11631653389 986565495 -287 0
9076478109 880153886 -988 0
14116380162 821077688 536 0
891488319 153125477 -913 0
18057131666 281616707 80 0
15671863403 820586886 -835 1
15321500313 840948388 679 0
15528011974 158668206 -964 2
4507767233 558617712 684 1
927674271 509827449 -70 2
3752092969 313574016 764 1
15623605021 123796196 862 1
792227192 768231290 -106 0
3530098348 569494654 338 1
5082873906 930152000 -704 1
14821597921 190083878 217 0
5470922247 256612468 -168 0
11488119378 571919508 -892 0
3595670244 313545239 -767 0
15601924456 324186495 408 1
14310831782 374014499 810 2
12731094213 765680398 857 2
970154174 925543921 -114 2
741920639 433602943 267 1
1421438266 93644992 31 1
15016460095 425596277 -448 2
15666933763 973393506 889 0
9330097810 537554143 449 0
3280231677 286331250 -411 2
9300904900 958846959 160 1
12320598825 672447547 314 1
12017935064 216188382 -522 1
9236892568 728008968 284 0
16290861522 84897233 -296 0
9680915389 843426401 408 1
9016643567 39161193 930 1
9137589483 219624182 -265 1
6998461867 713138974 983 2
9525222707 225171299 -499 0
7781120028 45014657 936 1
3609816051 184629265 790 1
12263075018 814960052 953 1
8251138626 556247492 392 2
15434733250 826221664 -761 2
7971044778 458287557 -932 1
10862955587 815209344 682 2
18078968314 426474317 -973 1
903638678 129940011 -450 0
11858128426 196512099 -49 1
5064732894 553259791 677 1
11014992969 251665055 -613 2
1538593899 253265327 -288 0
11845450051 209905388 -540 1
12350041075 401974274 -854 2
10400559403 836221704 717 2
11460772326 124298475 444 0
5219595047 970147540 830 0
7839305774 835169855 -847 0
965645683 640352184 687 0
15103304890 635436640 -99 0
1290468895 407707561 -805 0
5455398071 797228427 562 0
11626788324 624909597 369 2
3638542092 70007856 -858 0
11952933542 610928459 840 0
16388300231 808121916 897 1
6402965323 782275694 49 0
7754146855 847056923 -185 1
1708486568 367895801 177 2
3311656232 422463375 -599 1
4873568401 213050191 -345 0
16407855106 734944270 -730 0
8428901466 445100969 -163 1
5786810063 970430548 -151 1
11099755714 988670585 -281 0
4015928942 637106278 35 1
14877058671 387402511 943 2
3859055428 290477803 -40 2
5005181759 352297487 842 1
8533156373 454379204 482 2
3997161274 769996988 -311 0
12582687633 873451751 295 2
11363013694 390422858 -964 0
14790509678 81564256 752 0
9398066053 654698438 811 2
12191650453 973978013 882 1
14430187602 949317232 -523 2
13103576110 391272359 -101 2
5322798769 579727061 -222 2
17056906146 973205002 -557 1
13661710804 915788591 -23 0
7395541292 338704930 -657 0
4970248625 768091465 445 0
8408015025 811653252 149 1
18128933813 701057694 176 1
14228053268 764405398 728 2
17451224413 620207477 -604 0
1463194534 659688392 457 1
14084350172 818939000 19 2
13696961616 754066927 -270 1
4387720977 157485433 590 0
11066307921 105341244 -768 2
1920179795 438709733 -580 2
5986052865 298834975 13 1
8450792287 599610562 -97 2
3935137895 192863531 192 2
10596770192 467449108 -390 1
8856192011 780663802 91 0
5377119734 153960650 -430 2
1992343706 34292712 -550 1
3326629781 919464570 713 0
17144704655 119473408 867 0
5363640453 947928721 -492 1
17670762173 244307658 -705 2
7431479520 446504640 -246 2
11752945642 61623206 -734 0
12569029918 467014809 3 0
4182128431 466732555 -845 1
2865614290 830202932 960 2
12497980182 291405267 -673 0
5287101060 819288019 79 1
17235539456 232387354 -376 2
6254013475 968762949 -200 0
4130554057 366492722 -697 2
5637449776 187031730 864 1
1167309566 558059163 622 0
11242840865 993416242 994 0
14524494390 411966298 253 2
11656469630 426098804 996 2
2014322871 634228861 -91 1
11045964037 911534996 210 2
11762321879 166647691 630 2
15518018834 713546925 -429 0
14431948519 244541059 988 2
10129533782 738526429 -376 2
18308925328 498694703 12 0
10831959925 542610244 -525 1
14462057523 832673735 -699 2
1074246612 155316628 0 0
12197502550 23471900 459 0
678649735 801091404 829 2
2102600925 78629655 201 2
13828959284 726154038 -918 0
13604838311 407649558 876 2
4720019744 706604753 -734 0
7669127621 169813666 218 1
15359063813 231893667 -367 0
12624216299 447209913 -272 1
2699439242 998898864 604 0
12212297713 34246671 -228 2
1006308182 576491199 343 2
11404754743 662585815 885 2
2121728957 908123544 -188 0
3343714363 387948629 -395 0
16491993350 354338029 -957 2
14616303128 384793307 105 1
13493221467 976514619 585 1
7438890464 493992663 182 1
11205076491 469622354 -304 2
13158894766 770496036 510 1
9085636835 311660087 -339 2
353202161 597891459 542 0
14391029897 150225705 95 2
12381158789 150662359 -500 2
3415911693 58774644 -374 0
3905305276 127122246 306 1
12074818647 508183340 -312 2
15536299028 892943443 -911 2
13168923045 8276523 -290 2
1822904419 20668336 -475 2
2492250321 863577259 -716 2
2818143414 570170386 -925 2
6406646289 694807808 -85 0
9083191253 628588874 477 2
104478191 90175130 860 0
13809576869 782435223 861 1
6647902135 190289188 -454 2
18330641790 874419494 898 0
15329563688 27841716 -930 0
15706934451 594675102 -41 2
10451905883 892658778 214 0
15032967044 877805551 -497 1
17846828438 9271601 526 2
14938374630 715174210 544 0
12887786451 978690063 -856 1
271618384 354463999 -316 0
17338553009 534291301 -370 0
15174431871 139954341 -903 1
16248902691 332826543 850 2
4291800592 206263476 -804 1
13840926692 232275958 634 0
1972867630 157140602 87 2
18375938363 460187281 358 2
16073984075 275178481 237 2
10871998436 414716186 -704 1
5454568776 738075248 87 2
5377222162 195846237 592 2
21985749 967879555 -583 2
17671191042 579547995 481 1
5553431444 486637592 -675 0
8677694118 86606148 -14 0
6670577723 773136022 64 2
3383000173 263633006 718 1
7892420407 776456666 -474 0
8287742074 63174118 -652 2
14238049263 446635891 -918 1
16885928972 821963565 623 1
17559134464 51222395 228 2
3858307423 230392576 -828 2
15486549986 198136037 415 1
3625845853 268200121 802 0
935331194 510219668 -30 2
16742894787 982315234 725 2
10097425732 148580887 -559 2
954784528 529229965 -588 1
18410937584 836181249 745 2
6525053843 464917292 -419 1
14021594651 435018601 -463 2
4521362534 715164839 -253 1
612446757 744925637 919 2
16439130374 733148575 172 1
1094372953 736391108 -37 1
8516195163 587304813 -747 2
1612637931 477015864 -508 1
8209175772 820617422 -431 1
17789152110 572353612 -969 1
10538099757 134525866 841 2
13752149716 799670779 -154 0
11246666525 576856690 402 0
7745900708 177264261 501 2
5789548144 856525678 -258 0
1151997876 258529044 -547 0
16864330911 171024927 360 2
2023210297 98106497 -658 2
5283612768 758251019 598 1
8437209720 886642857 294 0
17073909064 507233781 -162 2
16081219197 779069739 -613 1
10184522377 591829918 -38 0
2377522318 140298969 374 0
10871415658 404456444 485 0
10324160220 521929021 -359 2
14950630929 118891746 981 1
17909338286 880926504 -15 0
10695571362 777254866 429 1
6697292036 829796241 -586 1
13015817580 93073453 -366 2
9398581697 53683751 585 1
16165066130 385800905 -482 1
10808780661 817531003 -108 2
69940315 980956462 887 2
10045310685 673166918 267 0
17687170257 358393391 952 2
2721885089 409628641 506 0
10622957961 757797731 416 1
14001088595 241770701 -662 0
4471081724 842491288 937 2
3382166047 906939275 668 0
14593789192 615866730 -290 0
13951807650 904418042 914 2
4676460636 468891518 596 1
9763099226 725647769 -225 0
3039556302 609195754 -800 0
4471931797 371790214 412 0
17881993418 343806387 -946 2
6473516245 119754237 -223 2
9983270304 79556667 222 2
6980506513 159049940 -695 2
9051135827 112217587 302 0
9355036968 474614874 -356 2
11801119726 255042128 589 0
5637109619 661939594 928 0
13727463066 639050395 376 0
16086405362 777953807 368 2
14179065014 938738280 -894 2
15858493134 548645837 -957 0
17944748816 431157076 691 1
8904905100 661657796 -82 0
4406943872 178500888 724 0
7074808890 487559228 -365 2
14980969456 413349152 -420 2
14238261 794602311 -368 0
5041668697 233736101 351 0
7483606042 676251589 -162 1
15089052807 437282322 285 2
12000025677 431061183 216 2
16135247916 383373783 -684 0
9183906429 497033205 408 0
17820504087 25203315 -108 2
11448900967 948119541 -962 0
6253580901 71617258 707 1
2393579353 461015276 -714 2
17436193402 714517351 -157 0
4043645793 858186109 231 1
12187213179 752293757 881 2
16625477003 397890793 -852 2
4141197029 827104189 -466 0
3208655171 308445749 -530 0
1589767650 262478037 94 0
14074096952 626713451 854 0
4597128515 607517172 -300 2
9119048838 798005197 351 0
4592992748 845927973 542 1
9379850073 34185706 -377 2
6648305030 42775559 801 1
2125075427 59508252 504 2
16465560677 291590392 894 1
10279965301 885329614 949 1
9218107641 949346194 283 0
2743399362 647839762 -812 1
1461303718 365783800 124 1
7064796688 974819070 -611 0
12778983794 784412615 178 1
5931276782 82919075 -924 2
7199829205 729437322 -257 1
13460609919 263616655 -122 2
16276856232 780541136 918 2
12778938460 152499308 487 2
6600797325 180203170 699 2
230142273 47587191 -967 2
16567952043 652615274 -852 1
1202341979 899201058 469 2
9141300230 681909903 61 2
3739300942 980842568 -575 1
7374415254 927439909 -543 1
4215379744 835598198 942 1
11783430829 251994959 643 2
16805583169 551752024 609 1
436349517 718977511 -642 0
13410407261 897298368 -567 0
4196123266 929101435 -788 1
822143420 94815384 -432 1
8951307161 438832517 515 0
1894793647 85601980 762 0
3202139385 939523981 48 1
16168417237 52348673 -151 2
17754884081 270559643 -691 0
4049790474 834930142 -633 1
2306197502 397293021 -29 1
13102132588 427952673 0 2
12219018641 301004049 -385 1
14548063265 542865293 736 1
4501888515 484559443 -82 1
12292863466 795701806 -427 2
18404198511 982133163 485 0
5772569962 754095398 -379 1
16068961636 804526681 734 0
14620342691 881774224 -793 1
17370297749 67741215 55 2
9676406124 193149673 -898 1
8187269302 759969359 -916 2
1696410119 524698535 -821 0
16547431338 664093452 -849 0
14990050475 493989075 605 2
8953781861 803497809 -454 2
16058130539 509064662 -566 2
10928661436 641159538 -439 2
6263146543 110687573 -23 0
632067409 86365080 402 2
11188540808 885407058 -638 2
1946384303 911425155 -242 2
9259776067 541916322 915 1
11203694277 561497906 667 0
18379748587 864814861 -834 1
14982334043 248508760 -735 2
1367918555 362323189 -183 1
3400951148 173020263 -17 2
7218238661 76301954 -42 1
12428921479 351173647 -594 2
8287921520 892744673 -845 1
379679018 793925063 952 1
11207433165 335847074 366 0
11477473208 596945664 997 0
4721559800 289207610 -805 2
7638249699 874489078 -575 0
14550300995 803565732 -540 2
14400683647 638790416 80 2
576889854 499369798 -59 1
6923848195 622722862 -419 2
2978161954 57862268 -677 1
16849965363 312862585 927 2
2372579546 468331041 -478 1
1183697722 481985982 -361 0
17774131412 43336614 139 1
2944421358 446231935 358 0
17022543446 487517569 -968 0
8048290479 268057373 -481 0
6428699931 827678972 272 2
11254320092 667809379 -152 2
13555875892 201275912 871 1
11472943162 342536045 289 1
16021028469 282475444 682 1
8863104570 12884715 637 0
17864220574 120698829 -656 1
15904943410 499175464 687 1
1865765977 926333878 -384 0
12808466305 183800133 679 2
12791485973 869763438 -475 2
6193229895 390943053 546 1
6813756914 812661104 438 0
10409530618 661854782 -539 2
2717963854 928834861 810 0
17387541808 197807425 -11 0
569857839 443948041 864 1
16825200573 498363306 78 0
13251430224 907046152 -618 2
7679282767 215908993 33 1
10233809289 425175047 72 2
5028535649 299802336 134 2
13768620753 414895293 -202 0
986152606 972185507 -652 1
5387882285 740890701 177 1
15249807113 71454852 857 0
10335535111 860599002 569 1
18132483199 211969536 -861 1
9926799097 488919478 740 0
912077033 10575175 349 1
15224735022 26621596 -171 2
7609389738 8216525 960 1
4987938494 104949607 -168 0
10010920938 801007091 -833 1
17395380493 446086468 -644 1
6373567335 445223358 -874 0
6751653715 9882334 -736 0
6463792224 662383164 -406 1
2909264062 654263822 178 2
17945144944 230321966 -347 1
2155137236 549926201 451 2
7395002101 242869599 752 0
13124417744 600048521 691 1
6070331531 282534227 -632 1
905911021 713830114 -706 0
9512921093 438419800 -775 2
13993325057 867495832 -769 1
12640795201 628536071 -108 1
7217876346 187911247 -279 2
6928132638 5366418 770 2
8367336137 80019001 822 2
18370817656 220939101 -604 2
2108136238 875977045 -538 0
1890336143 600958422 624 2
881200694 604098965 -739 2
3359671481 685340794 536 0
13373365018 318765636 85 0
17543428263 373152503 -389 2
4549109540 975311776 218 0
9110580776 281689618 -351 0
7805894223 834684265 355 0
6065988134 815427812 934 1
5588530823 933508974 24 2
7961581928 906484296 -931 1
13829253927 409755128 -548 1
80921993 825732604 -878 0
752489808 861491234 388 2
340666633 378187679 846 2
2464887235 593669725 -234 1
2665271987 289710225 83 1
15763243610 740090212 -598 0
18235033058 464184612 -817 1
7386203775 117516857 110 2
209919446 101248152 -592 1
13543412543 533560997 -479 1
6704998292 383311053 -816 0
5578867730 800601688 -842 1
759525541 945888107 317 2
4279304031 679909066 -927 1
9691683877 785833478 61 2
12737746362 17610406 -779 0
9090464500 139003847 700 2
1428343244 365689499 599 2
18231370036 802330549 -276 1
1180967774 794276257 771 0
10793185805 625985078 -800 1
6788835008 745117601 501 0
16767723729 501351524 168 2
16594698269 389293352 -680 2
15592675533 907805295 -984 2
6680130689 604580139 -762 2
15645683948 314121448 -999 0
16634785798 199675861 398 0
3964398392 97399182 -101 1
10478025386 660053940 -110 2
13858476552 376451070 488 0
18128417731 887282774 -273 0
10925016614 682147253 -286 1
10474179516 644386116 -502 2
2742007631 739974246 670 2
18407354004 365158736 -598 1
11412567941 772345779 -517 0
320685673 476304307 692 1
12854326518 694244900 861 0
15231169500 803427307 -903 0
5714240059 579831529 183 2
9347035933 735753067 -184 1
17221956361 619209941 -639 1
10686109171 172243729 -633 2
11257679076 885257675 -578 1
3354120346 568701082 370 1
18313683499 902627034 -244 0
5948414508 836934214 -91 2
9306627041 231323700 88 0
7110481142 991602834 163 2
2113781174 777603613 -727 2
15513005360 873167135 346 0
8990654433 73258226 277 1
12791268206 934025740 218 0
2420515849 916461757 -283 0
561393701 612872193 679 0
17328948643 941818958 293 2
17791811260 703357101 -24 1
14641147482 562688845 -158 0
3435878125 899447874 -148 1
6769504758 722520380 -850 2
15783832110 140360706 251 1
15195065586 22541215 644 1
15707840495 217972538 -985 0
5415054130 762331000 -512 0
7414231406 117312725 -917 0
18094099896 897264085 410 0
16288295765 144480711 -330 0
424417898 234719879 -898 2
13948300844 277469233 -386 2
3616750765 161853739 -167 1
10544883739 200045322 -676 1
11771870469 816096301 -301 0
6957909784 909880306 -973 2
14678503317 409962871 -873 1
3389092500 64081170 -456 0
4115477272 70368709 478 0
16053979548 847317537 431 0
11279786321 449386752 725 2
6877184943 134301128 -966 1
239760755 165146273 349 0
8392725208 179210308 287 0
12936783346 561801142 -176 2
9768236266 839834132 -260 0
6630249610 882430467 -292 2
7144492678 928467048 403 0
9150721601 488416778 -538 2
12957346723 588318920 -890 2
15631473866 34870457 -853 1
15659930848 719997432 216 1
10633857780 769138372 -704 1
14643030828 44038338 -854 0
6808660764 488762394 -105 2
4890536675 6896061 477 1
5827537008 871668742 -486 2
5139958334 64327180 360 2
11073159623 568880533 -367 2
12071254280 298200154 433 0
8177425517 8924804 -515 0
1179964172 60284102 970 0
1116924041 113160118 585 2
10383556078 589974846 -962 2
5372083118 567391103 399 0
8959697075 368501406 -35 0
10958427907 367064621 710 1
4957712630 334991780 -415 2
11743257969 225146078 987 1
1201894015 723970595 -712 0
13749943920 818180144 -310 2
6598902880 665935961 -522 1
3639164431 264047034 304 0
3295242571 477820895 85 2
10126870412 18793433 -442 0
2330214557 504026330 322 1
4358657113 510794181 -78 2
13222073953 31297031 -81 1
16473087520 924488500 728 0
7894711199 449024379 -911 2
9952948980 568724218 -904 0
5739932878 779231330 -169 0
11919693652 945586827 -571 1
11680149258 393862037 138 0
14629204758 778320944 266 1
13213724948 444842134 795 2
14361948516 285543388 -767 0
9853017543 679750199 -830 2
5790276490 167361805 540 1
15289061843 848045725 669 0
13937124508 708894757 219 1
6932838052 686877568 713 1
8844127824 123166760 331 2
13474411973 814131801 763 2
8487034350 617781025 -204 0
2010960167 459450264 726 0
6992407031 254790573 -232 1
5799063272 328880887 -565 2
843898023 389584789 -259 2
14573418131 819621262 146 0
14188164290 283985524 574 0
10303330971 368376049 285 0
4040855263 812019030 717 0
6508132274 222445370 568 1
930329876 24915468 -838 0
13320751380 511594934 -922 0
4562766237 52773666 7 0
11083048682 20467292 -58 1
17906645763 519131212 766 2
15042170006 250908976 360 2
13801394619 488180762 -562 0
2429968375 104392896 730 0
9679987068 15068746 604 0
8513523712 771314324 -215 0
9011827373 333911885 20 2
11176155410 193886568 325 1
7970945713 207146814 609 1
18350625176 759093339 -269 0
9294940118 33949780 943 2
5437675460 971263876 -653 2
854561948 270198025 364 1
12048725693 968234623 -995 1
1889460762 651279111 823 1
14213234599 279853823 -534 0
3790960875 718226276 -581 2
3169648909 794006068 369 0
5626992454 983252924 -806 1
11197320758 321335156 -994 2
16818980356 248195022 539 0
300280102 468257748 138 1
6513348361 830191304 -621 1
2636305651 475140653 892 0
9258984071 174468757 293 0
10849348773 405415076 -449 0
7480556057 655994064 644 0
9739142714 495950428 303 1
16623935012 817034851 25 2
6163652985 88409750 565 2
6078634695 951802714 217 1
3205933573 106791108 470 1
17163446112 223061386 634 1
1225486200 411088938 -449 1
9103157600 673045288 -575 2
14919540446 798297611 260 2
4348473220 210154303 -547 0
11037774109 420357435 -870 2
7234043204 423162281 867 2
17421696648 41505028 581 0
6756731741 508585188 659 0
112058642 277321744 -547 2
5853265918 445649816 -687 0
2517799271 427214986 69 1
16441710876 44447083 -168 0
300305344 139856261 672 0
7561245851 593858980 737 2
5067858107 516857096 -280 1
7097253574 458399729 -790 2
8048312711 595790727 210 2
353847338 60639642 105 0
7276161025 747503638 627 0
7123862871 379189663 -677 0
13407598682 473408363 634 2
1756980020 25474047 -719 0
6820791295 992431996 -522 0
14276810789 423447323 612 1
17469894479 445731664 -511 0
10072808444 513381982 -875 1
14279613661 817075506 484 2
1747872909 375294387 799 2
227207312 638309529 159 1
9687084745 915610405 -394 2
9398611306 147463142 -31 2
10259471776 982970085 -488 2
326852440 98790856 824 0
462388548 785310815 524 0
5814896231 300579054 247 0
17432776331 903045223 -9 2
13365393922 393910381 -533 1
13261096354 240975270 819 0
2355876739 988226459 -821 1
140859914 174501512 231 1
7249912433 836826463 49 0
12295943015 108216075 -277 0
4166587152 893809295 -1 1
14988047433 47703705 -858 2
4410473353 918439308 -648 0
7568814697 195679523 -490 2
6476243296 302988617 -264 1
15216453776 451844121 -562 2
5889695285 700494743 -818 1
17972783789 397763541 63 2
17487412343 196913953 -598 0
1406201898 876827123 -294 2
18209330787 423104120 -931 1
4231051708 742786097 -371 1
4713770525 949243449 795 2
10979086675 904202691 150 1
8694195416 310934236 -232 2
14670333551 391938204 -929 0
14948021264 739624887 -833 0
16269919152 531346934 736 1
8180724086 10318477 -374 2
4600772557 888762992 -331 2
9010925034 896676448 217 1
8241280451 862738851 -657 0
14133014438 191872533 778 2
3284667307 162639114 291 2
3685886129 845117528 -216 2
610275138 748722494 545 1
6755492902 983045366 -966 2
14588100416 562476244 39 2
6455424194 483030323 -129 2
7331589328 545113497 -794 2
10831305665 238872539 622 2
4215832376 767684975 -894 1
3199097380 179487078 -177 0
8018907037 574738908 -655 2
17950781680 166810006 897 2
18222679731 518976640 158 1
5139277024 974241964 -114 0
17745172024 994134165 911 2
7544763311 271934766 -550 2
184064577 577645165 92 2
6039771927 702872495 144 2
2433970689 567567357 -219 1
3392190681 357697460 756 1
2200789365 316985800 -784 0
14361664421 390995663 -795 0
3292237379 731086554 -19 1
